%YAML:1.0
---
K: !!opencv-matrix
   rows: 3
   cols: 3
   dt: d
   data: [ 2.5906295128147754e+03, 0., 1.0098322190893678e+03, 0.,
       2.5809129955016128e+03, 5.6222439335386287e+02, 0., 0., 1. ]
D: !!opencv-matrix
   rows: 1
   cols: 5
   dt: d
   data: [ 1.9387937160140201e-01, 1.4424516779199981e-01,
       5.5489899636001051e-04, 7.6222446449720517e-03,
       -2.8959678635116908e+00 ]
