%YAML:1.0
---
K: !!opencv-matrix
   rows: 3
   cols: 3
   dt: d
   data: [ 9.7983530429728353e+02, 0., 6.3681655554544000e+02, 0.,
       9.4534455938606152e+02, 4.7440247566625681e+02, 0., 0., 1. ]
D: !!opencv-matrix
   rows: 1
   cols: 5
   dt: d
   data: [ 1.5743474813584116e-01, 1.0694636626590946e-01,
       -2.1810256566957861e-04, 5.3894284419737947e-04,
       -3.8699520544265513e+00 ]
